<?xml version="1.0"?>
<opencv_storage>
  <camera_matrix type_id="opencv-matrix">
    <rows>3</rows>
    <cols>3</cols>
    <dt>d</dt>
    <data>
      7205.906972998627 0. 2207.345212556405
      0. 7211.282252661536 1922.083286001643
      0. 0. 1.
    </data>
  </camera_matrix>
  <distortion_coefficients type_id="opencv-matrix">
    <rows>1</rows>
    <cols>5</cols>
    <dt>d</dt>
    <data>
      -0.07709715650930135 1.328107348489234 -0.0006408140403289058 -0.0001911410113370194 -7.688684766625155
    </data>
  </distortion_coefficients>
  <BoardSize_Width>9</BoardSize_Width>
  <BoardSize_Height>6</BoardSize_Height>
  <Square_Size>23.54875</Square_Size>
  <Calibrate_Pattern>CHESSBOARD</Calibrate_Pattern>
  <ArUco_Dict_Name>DICT_4X4_50</ArUco_Dict_Name>
</opencv_storage>
